00
00
00
00
00
00
00
00
00
00
01
00
00
01
00
00
00
02
01
00
01
00
00
00
00
01
01
01
02
01
02
00
01
00
01
03
00
00
00
01
01
00
01
01
02
01
01
02
03
02
01
01
02
01
02
02
01
03
03
02
01
03
02
03
02
02
04
01
03
02
00
00
03
02
04
04
05
02
03
02
03
03
01
04
01
01
04
03
02
01
04
01
02
02
02
03
03
05
02
05
03
04
02
02
03
04
06
03
04
04
05
05
04
02
03
02
03
05
04
02
04
05
03
05
03
04
06
03
05
04
06
05
04
04
04
03
03
04
04
05
07
05
04
05
03
04
03
03
04
05
04
05
06
06
07
06
05
06
05
04
05
05
06
06
07
08
06
06
06
06
06
06
05
04
05
07
04
05
07
07
07
08
06
07
08
07
07
07
08
05
06
08
07
06
07
05
05
06
08
07
09
07
05
06
06
06
08
07
09
09
09
07
06
09
07
07
07
08
08
06
07
0A
08
09
08
08
09
07
08
0A
0A
09
06
0A
07
0B
08
07
08
08
0B
09
09
08
09
0A
0B
08
08
08
0A
0C
08
09
08
0A
0D
0B
09
09
0B
0C
0A
09
0A
09
09
09
07
0A
0A
0A
05
09
0B
0A
08
0D
06
08
0E
0A
0B
0B
0A
0C
0B
0B
0B
0C
0B
0C
08
0A
0C
0D
0E
0A
09
0B
0C
09
0C
0E
09
0A
0D
0C
0D
0B
0C
0B
0C
0D
0F
0D
0C
0A
0A
09
0A
0C
0B
0C
0D
0D
0E
0E
0D
10
0B
0C
0D
0D
0A
0B
0D
0E
0B
0F
0E
09
0E
0F
0E
0F
0A
0D
06
0B
0E
0B
0C
0F
0C
0E
11
10
10
11
0C
0F
0C
0F
0B
0E
0E
0D
0F
0C
07
0C
11
10
0A
12
13
10
0F
08
09
10
10
0C
0F
0D
0B
0D
0D
10
0F
0F
0D
11
0D
0E
0E
10
11
11
0E
0F
0B
10
0A
0C
0E
0D
0E
11
12
10
0E
0F
0F
0F
12
12
13
0C
0D
0F
12
0E
11
0F
13
10
10
12
09
0F
0D
11
11
12
13
0E
0D
0E
10
10
10
14
10
11
0E
0F
10
11
10
12
14
11
14
0F
11
0E
12
12
0B
0A
14
15
11
11
13
07
13
12
0C
0F
10
13
12
0F
13
0F
11
13
12
13
08
11
13
0B
13
12
10
14
12
10
14
0D
0E
11
12
14
10
15
11
11
14
0F
14
10
12
15
13
11
14
15
11
0C
10
12
13
13
15
16
16
14
14
12
16
17
12
14
13
17
13
15
14
16
14
15
18
16
15
15
17
0D
15
15
12
15
09
13
13
13
0E
19
15
14
16
16
0A
14
15
18
16
15
16
16
15
14
11
1A
17
0B
15
17
18
17
11
16
18
19
14
14
12
16
15
0F
19
17
17
16
16
15
12
1A
0C
16
16
16
18
1B
17
18
16
12
13
15
16
12
17
10
19
17
18
18
13
1A
17
1C
13
14
18
16
0D
19
13
17
18

