08
0D
14
0E
15
0C
0A
01
0F
02
0E
11
10
14
09
06
13
0E
01
00
02
12
0B
05
04
0F
10
0D
02
00
0F
18
15
19
04
0E
1B
17
07
0C
0A
03
06
12
14
0B
09
04
02
10
17
19
00
05
0C
06
03
0F
04
0D
13
0C
12
14
19
01
0E
11
10
13
1A
16
01
15
02
0C
0C
11
19
03
13
15
07
10
18
16
19
0D
17
1A
14
1B
16
07
05
05
03
02
1B
0E
00
05
0B
0A
11
04
0C
1B
15
03
19
14
13
18
17
1A
18
13
0D
09
0F
10
06
0F
16
11
14
1A
04
18
19
0D
00
16
17
07
0B
0B
06
05
0C
03
1A
16
12
12
0A
09
01
01
09
09
0E
01
14
03
0B
0B
18
07
11
00
04
09
01
0C
16
0D
02
0F
13
05
15
0A
0A
0D
1B
06
0E
04
05
14
18
0B
0B
09
13
02
02
17
15
01
0F
00
15
07
12
12
09
12
14
03
1B
11
06
17
13
11
01
0C
0B
16
07
02
17
06
19
0F
04
10
00
0B
05
13
15
16
04
18
06
01
14
06
0A
02
10
0B
17
07
07
00
01
0F
09
11
11
0C
0C
0D
0E
03
06
01
10
00
19
13
01
14
07
0E
02
02
09
03
11
10
15
05
0A
07
0E
0F
1A
17
0F
05
18
02
1B
0A
01
10
10
07
00
0F
09
06
13
13
0E
0B
12
03
14
14
14
17
19
11
10
12
09
02
16
16
0F
06
06
00
07
05
05
10
02
09
0C
12
15
0D
19
0E
03
11
0B
13
13
0F
07
02
12
12
12
05
0D
0D
0E
0E
15
14
09
0A
10
09
0B
13
04
0C
1A
17
12
16
16
0B
17
07
02
13
09
09
15
0E
00
12
04
05
06
11
0F
04
1A
0D
13
14
0A
02
02
0B
10
1A
18
12
0E
03
01
00
0A
0D
04
10
05
06
15
0E
03
0D
00
05
0B
14
11
11
19
0F
18
0A
04
16
03
05
05
06
0C
0C
0D
03
0E
0B
0B
19
0A
07
14
16
06
04
05
07
03
09
1A
16
17
12
0F
06
14
15
19
0A
04
11
0D
05
0C
03
19
00
00
00
01
00
02
04
0B
19
11
17
04
03
18
1A
14
05
0C
07
00
1B
06
12
18
0A
16
0E
0F
15
0F
17
01
03
11
09
1B
10
12
1A
04
13
0A
09
0C
19
00
18
18
16
10
06
17
02
19
0D
0E
18
0F
15
01
09
13
0A
04
0B
17
1A
18
16
10
01
14
02
09
13
12
07
0B
09
0A
01
11
02
0C
00
03
14
0C
0C
02
05
0F
06
0B
1A
01
13
0D
0E
1B
07
0D
16
1A
02
04
16
01
06
1B
07
16
0B
0C
12
00
0F
03
0D
18
02
0F
1B
07
05
09
01
15
03
01
09
10
11
18
13
10
1A
0B
14
0C
12
16
11
19
09
1B
07
04
10
0F
02
03
05
0E
15
18
0D
0D
17
07
1A
05
06
14
03
0A
0B
16
02
17
18
0C
11
1B
01
19
12
12

