   7       0 loop0 200 0 5236 15 0 0 0 0 0 92 15 0 0 0 0 0 0
   7       1 loop1 177 0 3954 14 0 0 0 0 0 72 14 0 0 0 0 0 0
   7       2 loop2 491 0 6326 29 0 0 0 0 0 324 29 0 0 0 0 0 0
   7       3 loop3 1527 0 8658 35 0 0 0 0 0 232 35 0 0 0 0 0 0
   7       4 loop4 504 0 7270 28 0 0 0 0 0 352 28 0 0 0 0 0 0
   7       5 loop5 745 0 5612 49 0 0 0 0 0 196 49 0 0 0 0 0 0
   7       6 loop6 1293 0 80178 175 0 0 0 0 0 4084 175 0 0 0 0 0 0
   7       7 loop7 100 0 1706 7 0 0 0 0 0 64 7 0 0 0 0 0 0
 259       0 nvme0n1 726681 147171 115982232 180733 4396985 2358675 548549297 10807948 0 4719880 11348327 36638 0 242616656 10399 275853 349246
 259       1 nvme0n1p1 592 1000 36574 124 1 0 1 0 0 520 127 9 0 3091272 3 0 0
 259       2 nvme0n1p2 137345 67298 6079750 25325 2661097 967075 107239616 5877349 0 2106524 5913071 36629 0 239525384 10396 0 0
 259       3 nvme0n1p3 403 0 34460 148 0 0 0 0 0 476 148 0 0 0 0 0 0
 259       4 nvme0n1p4 587366 78873 109796454 154988 1671849 1391600 441309680 4765813 0 2646052 4920802 0 0 0 0 0 0
   8       0 sda 192477 45266 12034971 286569 696188 100667 328208000 16171101 0 923104 16457670 0 0 0 0 0 0
   8       1 sda1 192353 45266 12031385 285676 696188 100667 328208000 16171101 0 922476 16456778 0 0 0 0 0 0
   7       8 loop8 244 0 7302 18 0 0 0 0 0 120 18 0 0 0 0 0 0
   7       9 loop9 188 0 5434 16 0 0 0 0 0 88 16 0 0 0 0 0 0
   7      10 loop10 327 0 2706 14 0 0 0 0 0 104 14 0 0 0 0 0 0
   7      11 loop11 811 0 6746 14 0 0 0 0 0 232 14 0 0 0 0 0 0
   7      12 loop12 191 0 5132 7 0 0 0 0 0 96 7 0 0 0 0 0 0
