   7       0 loop0 200 0 5236 15 0 0 0 0 0 92 15 0 0 0 0 0 0
   7       1 loop1 177 0 3954 14 0 0 0 0 0 72 14 0 0 0 0 0 0
   7       2 loop2 491 0 6326 29 0 0 0 0 0 324 29 0 0 0 0 0 0
   7       3 loop3 1527 0 8658 35 0 0 0 0 0 232 35 0 0 0 0 0 0
   7       4 loop4 504 0 7270 28 0 0 0 0 0 352 28 0 0 0 0 0 0
   7       5 loop5 745 0 5612 49 0 0 0 0 0 196 49 0 0 0 0 0 0
   7       6 loop6 1293 0 80178 175 0 0 0 0 0 4084 175 0 0 0 0 0 0
   7       7 loop7 100 0 1706 7 0 0 0 0 0 64 7 0 0 0 0 0 0
 259       0 nvme0n1 726722 147233 115985208 180770 4397878 2359528 548593065 10811032 0 4721328 11351546 36638 0 242616656 10399 275941 349343
 259       1 nvme0n1p1 592 1000 36574 124 1 0 1 0 0 520 127 9 0 3091272 3 0 0
 259       2 nvme0n1p2 137384 67329 6082462 25343 2661503 967454 107264520 5878424 0 2107016 5914163 36629 0 239525384 10396 0 0
 259       3 nvme0n1p3 403 0 34460 148 0 0 0 0 0 476 148 0 0 0 0 0 0
 259       4 nvme0n1p4 587368 78904 109796718 155008 1672334 1392074 441328544 4767803 0 2647144 4922811 0 0 0 0 0 0
   8       0 sda 192581 45266 12084659 287412 697852 101271 328742280 16180912 0 925820 16468324 0 0 0 0 0 0
   8       1 sda1 192457 45266 12081073 286519 697852 101271 328742280 16180912 0 925192 16467431 0 0 0 0 0 0
   7       8 loop8 244 0 7302 18 0 0 0 0 0 120 18 0 0 0 0 0 0
   7       9 loop9 188 0 5434 16 0 0 0 0 0 88 16 0 0 0 0 0 0
   7      10 loop10 327 0 2706 14 0 0 0 0 0 104 14 0 0 0 0 0 0
   7      11 loop11 811 0 6746 14 0 0 0 0 0 232 14 0 0 0 0 0 0
   7      12 loop12 191 0 5132 7 0 0 0 0 0 96 7 0 0 0 0 0 0
